- OS: Windows-11-10.0.26200-SP0 10.0.26200
- Python: 3.12.13
- Stable-Baselines3: 2.9.0
- PyTorch: 2.13.0+cpu
- GPU Enabled: False
- Numpy: 2.4.6
- Cloudpickle: 3.1.2
- Gymnasium: 1.3.0
